76 [0, 3, 6, 155, 335, 759, 806, 890, 925]
78 [1, 234, 246, 369, 402, 473, 604, 680, 719, 788, 799, 830, 876, 938, 940, 951, 972]
39 [2, 43, 71, 187, 195, 225, 241, 292, 391, 444, 452, 506, 661, 728, 843, 880]
14 [4, 18, 67, 72, 112, 123, 181, 242, 469, 501, 514, 524, 610, 640, 654, 679, 739, 740, 768, 920, 937, 989]
59 [5, 145, 263, 294, 357, 494, 713, 828, 872]
66 [7, 24, 122, 146, 188, 197, 440, 448, 470, 657, 717, 983, 986, 995]
75 [8, 25, 95, 138, 492, 563, 581, 629, 643, 673, 701, 959, 978]
84 [9, 301, 312, 342, 387, 545, 827]
54 [10, 38, 196, 216, 257, 346, 493, 527, 572, 823, 881, 966, 973]
77 [11, 84, 162, 173, 202, 603, 735, 763, 791, 871, 907]
40 [12, 215, 287, 320, 410, 485, 587, 667, 671, 802, 878]
65 [13, 143, 169, 176, 371, 505, 565, 580, 626, 700, 764, 836]
16 [14, 26, 89, 192, 200, 383, 480, 660, 765, 849, 908, 992]
27 [15, 36, 68, 147, 226, 314, 327, 347, 349, 443, 537, 556, 605, 669, 715, 748, 808, 818, 842, 856, 903, 910, 927, 932]
12 [16, 94, 231, 521, 589, 683, 718, 949, 952]
49 [17, 37, 75, 88, 117, 184, 189, 279, 392, 436, 489, 541, 594, 704, 746, 845, 924, 955]
44 [19, 59, 92, 221, 329, 434, 535, 597, 607, 634, 787, 889, 980, 984]
53 [20, 56, 136, 142, 152, 172, 250, 277, 281, 411, 422, 471, 515, 568, 583, 636, 837, 893, 895, 905, 941, 957]
23 [21, 116, 260, 266, 271, 333, 420, 438, 512, 577, 578, 637, 684, 725, 741, 776, 960, 968]
61 [22, 63, 114, 128, 203, 354, 370, 404, 453, 560, 644, 670, 691]
74 [23, 252, 284, 451, 507, 639, 805, 875]
25 [27, 35, 41, 133, 269, 280, 326, 382, 396, 530, 635, 645, 676, 731, 798, 852, 897]
37 [28, 34, 98, 118, 139, 239, 405, 445, 599, 648, 703, 807, 838, 846, 906, 926, 999]
67 [29, 223, 272, 351, 401, 407, 437, 475, 499, 516, 590, 665, 723, 743, 869, 894]
83 [30, 185, 268, 273, 359, 526, 551, 600, 844]
33 [31, 256, 340, 365, 478, 484, 504, 520, 602, 710, 904, 916]
68 [32, 96, 106, 201, 356, 433, 566, 608, 993]
47 [33, 74, 124, 159, 206, 236, 243, 375, 466, 595, 803, 850, 990]
57 [39, 119, 194, 344, 462, 531, 557, 558, 633, 646, 666, 685, 727, 730, 771, 821, 829]
17 [40, 54, 60, 115, 121, 174, 232, 237, 270, 319, 372, 386, 562]
50 [42, 53, 179, 217, 228, 262, 395, 487, 550, 609, 688, 716, 744, 996]
28 [44, 198, 233, 289, 307, 331, 388, 397, 418, 456, 534, 536, 632, 693, 766, 912, 939, 943, 948, 970, 988]
15 [45, 141, 286, 305, 311, 474, 591, 601, 631, 668, 757, 851, 862, 971]
24 [46, 110, 180, 214, 332, 416, 510, 576, 653, 751, 840, 998]
34 [47, 97, 211, 265, 274, 275, 477, 625, 898, 950]
22 [48, 58, 66, 81, 218, 288, 324, 362, 606, 722, 800, 804, 809, 824, 858]
45 [49, 55, 76, 109, 111, 167, 403, 428, 658, 702, 711, 792, 817, 913, 946]
20 [50, 79, 91, 126, 238, 278, 323, 345, 511, 720, 772]
18 [51, 175, 205, 285, 309, 348, 353, 363, 450, 496, 598, 733, 767, 781, 835]
70 [52, 157, 400, 459, 483, 696, 705, 790, 831, 896]
52 [57, 104, 113, 135, 258, 409, 419, 460, 465, 529, 538, 575, 612, 707, 742, 795, 820, 882, 967, 979]
32 [61, 77, 191, 247, 293, 393, 555, 628, 687, 839, 868, 977]
48 [62, 163, 182, 222, 398, 421, 586, 651, 662, 677, 699, 933, 954, 961]
13 [64, 65, 240, 248, 337, 522, 528, 571, 579, 689, 721, 778, 811, 855, 962]
19 [69, 168, 253, 255, 298, 306, 308, 317, 360, 412, 423, 464, 620, 675, 729, 736, 785, 877, 885, 891]
71 [70, 413, 430, 570, 584, 619, 650, 663, 770, 782, 796, 816, 848, 853, 884, 987]
35 [73, 186, 299, 315, 334, 408, 415, 542, 543, 548, 697, 714, 947]
72 [78, 87, 101, 132, 156, 165, 213, 235, 291, 338, 385, 439, 446, 472, 488, 547, 664, 780, 857]
60 [80, 127, 171, 204, 259, 283, 364, 379, 455, 476, 481, 482, 490, 554, 624, 864, 914]
69 [82, 150, 245, 300, 498, 552, 678, 738, 750, 753, 859, 928]
82 [83, 129, 137, 574, 611, 642, 745, 797, 826, 873, 887, 931]
81 [85, 86, 102, 178, 209, 325, 336, 503, 549, 561, 564, 656, 681, 752, 899, 982]
42 [90, 125, 199, 378, 454, 500, 525, 712, 755, 786, 883]
36 [93, 131, 153, 249, 296, 310, 358, 426, 468, 596, 627, 638, 674, 692, 694, 756, 863]
85 [99, 227, 267, 350, 463, 495, 513, 592, 682, 774, 867, 919]
38 [100, 120, 166, 190, 208, 254, 377, 442, 457, 615, 810, 865, 866, 944, 964]
46 [103, 219, 220, 295, 297, 303, 367, 368, 399, 458, 518, 546, 892, 963]
43 [105, 207, 322, 330, 374, 508, 532, 618, 630, 819, 870, 958, 976]
63 [107, 212, 429, 523, 749, 754, 762, 832]
58 [108, 130, 170, 229, 261, 355, 384, 394, 427, 461, 641, 726, 801, 825, 911, 922]
56 [134, 144, 282, 316, 318, 381, 544, 569, 698, 847, 886]
26 [140, 148, 158, 304, 313, 431, 447, 582, 585, 614, 616, 617, 652, 769, 929, 965, 974]
55 [149, 290, 417, 432, 567, 686, 724, 902]
30 [151, 341, 343, 497, 540, 690, 706, 815]
41 [154, 177, 193, 251, 435, 509, 655, 758, 784, 822, 900, 901, 917, 936, 981, 994]
64 [160, 441, 533, 593, 621, 732, 747, 794, 812, 834]
29 [161, 244, 449, 502, 519, 789]
21 [164, 276, 376, 517, 559, 573, 709, 760, 779, 813]
73 [183, 210, 302, 491, 553, 622, 833, 935, 942, 953, 956, 997]
79 [224, 230, 328, 339, 352, 361, 406, 414, 486, 539, 647, 672, 737, 860, 861, 918, 934, 975]
51 [264, 321, 373, 389, 425, 695, 773, 921, 945, 985, 991]
62 [366, 424, 588, 613, 734, 793, 854, 915, 923]
80 [380, 479, 659, 708, 761, 775, 783, 814, 841, 879, 888]
31 [390, 467, 623, 649, 777, 874, 909, 930, 969]
