20
116
1
27
149
240
109
292
153
2
99
286
23
235
250
217
201
138
272
92
262
44
33
19
268
271
230
253
209
59
180
246
243
261
106
217
280
135
30
196
243
32
105
220
102
199
117
96
264
126
158
45
175
33
180
159
128
229
26
187
197
154
300
179
265
219
281
287
179
187
211
176
297
252
74
236
247
187
127
239
10
232
48
190
61
15
180
170
290
64
154
272
281
116
1
112
184
88
242
273
216
91
111
181
179
73
115
85
134
201
148
48
173
284
49
30
37
120
134
17
91
63
222
246
47
230
278
6
263
255
127
286
130
283
153
219
22
59
292
51
163
151
10
103
239
144
267
111
253
147
141
278
173
158
248
230
218
42
129
165
189
15
237
37
103
103
78
45
124
73
131
197
33
205
76
78
218
36
19
135
49
205
223
116
126
115
5
220
283
114
128
89
189
222
41
102
194
251
234
128
