145
196
58
40
32
258
44
288
58
88
86
235
92
28
285
177
86
54
235
170
280
173
276
111
206
87
31
292
159
190
84
187
189
213
231
214
197
97
37
136
39
290
108
233
258
170
271
182
233
160
225
74
170
215
133
298
298
63
221
203
237
238
6
124
183
222
225
54
160
77
282
10
56
83
126
126
81
195
104
72
269
116
26
104
291
218
171
103
196
162
242
243
125
210
254
288
91
5
37
10
51
225
81
298
211
224
220
105
243
300
50
42
237
283
164
123
85
142
80
8
30
84
63
261
3
287
83
23
299
4
38
55
214
211
267
8
105
137
281
35
148
178
281
5
1
253
98
89
165
275
261
98
150
214
211
159
168
199
39
190
255
87
157
62
143
294
211
112
165
29
199
224
233
39
245
159
45
243
24
90
219
186
101
75
5
254
176
150
126
188
30
197
53
283
89
163
291
252
276
71
