46 [0, 5, 74, 90]
51 [1, 42]
45 [2, 26, 45]
43 [3]
37 [4, 75]
53 [6, 76]
19 [7, 96]
35 [8, 20]
22 [9, 46, 77, 84]
62 [10, 15]
15 [11, 25, 41]
58 [12]
39 [13, 29, 32]
24 [14]
16 [16, 31, 51]
31 [17, 65]
55 [18, 72]
61 [19, 38, 48, 50, 57, 87]
20 [21]
30 [22]
60 [23, 99]
64 [24, 56]
65 [27, 36, 68]
34 [28, 55]
56 [30, 60]
52 [33, 83]
29 [34, 79]
17 [35, 67, 71, 92]
63 [37]
26 [39, 94]
32 [40]
49 [43, 80, 95]
18 [44, 73]
48 [47, 52, 81]
38 [49, 63, 82, 85]
59 [53]
41 [54, 91]
47 [58, 88, 98]
57 [59, 69]
21 [61, 89]
33 [62, 86]
54 [64, 93]
44 [66]
23 [70]
50 [78]
28 [97]
